1601996195998 0.5605493 0
1601996196081 0.65917605 1
1601996196113 0.48189762 2
1601996196150 0.62796503 3
1601996196177 0.69163543 4
1601996196236 0.6828964 5
1601996196306 0.6491885 6
1601996196393 0.7091136 7
1601996196443 0.7091136 8
1601996196502 0.69787765 9
1601996196547 0.6491885 10
1601996196622 0.7028714 11
1601996196648 0.67665416 12
1601996196706 0.7128589 13
1601996196760 0.7103621 14
1601996196797 0.6878901 15
1601996196844 0.7465668 16
1601996196926 0.7103621 17
1601996197034 0.7590512 18
1601996197136 0.7740325 19
1601996197255 0.78651685 20
1601996197364 0.7765293 21
1601996197421 0.78401995 22
1601996197527 0.79525596 23
1601996197577 0.7940075 24
1601996197699 0.80524343 25
1601996197805 0.8027466 26
1601996197872 0.8014981 27
1601996197944 0.8102372 28
1601996198029 0.80774033 29
1601996198051 0.78901374 30
1601996198077 0.80774033 31
1601996198113 0.8014981 32
1601996198179 0.7915106 33
1601996198235 0.8214732 34
1601996198261 0.7940075 35
1601996198357 0.8027466 36
1601996198433 0.81523097 37
1601996198527 0.8064919 38
1601996198570 0.8164794 39
1601996198600 0.8252185 40
1601996198624 0.803995 41
1601996198648 0.8189763 42
1601996198672 0.8014981 43
1601996198698 0.81398255 44
1601996198750 0.7815231 45
1601996198779 0.803995 46
1601996198820 0.80898875 47
1601996198847 0.8002497 48
1601996198877 0.80774033 49
1601996198901 0.79525596 50
1601996198924 0.8102372 51
1601996198948 0.81523097 52
1601996198996 0.80898875 53
1601996199035 0.82771534 54
1601996199088 0.8027466 55
1601996199113 0.8164794 56
1601996199164 0.81273407 57
1601996199218 0.8164794 58
1601996199304 0.82397 59
1601996199336 0.83395755 60
1601996199386 0.80898875 61
1601996199414 0.835206 62
1601996199442 0.7977528 63
1601996199549 0.8289638 64
1601996199635 0.83021224 65
1601996199738 0.81273407 66
1601996199775 0.8189763 67
1601996199808 0.7990013 68
1601996199860 0.81772786 69
1601996199891 0.81523097 70
1601996199926 0.8102372 71
1601996199954 0.79525596 72
1601996199991 0.7977528 73
1601996200026 0.80898875 74
1601996200055 0.7965044 75
1601996200087 0.7815231 76
1601996200157 0.81273407 77
