1601996195998 2.2348707121112077 0
1601996196081 1.6278612787059779 1
1601996196113 0.9346354518192687 2
1601996196150 0.8865194494804639 3
1601996196177 0.8346226114161155 4
1601996196236 0.6423886357324102 5
1601996196306 0.6436126226938321 6
1601996196393 0.5968943907229344 7
1601996196443 0.6432867243644153 8
1601996196502 0.5724527292632581 9
1601996196547 0.6039329531338629 10
1601996196622 0.6236656792601396 11
1601996196648 0.5816822167341777 12
1601996196706 0.5886075130562657 13
1601996196760 0.5540281571401341 14
1601996196797 0.5599497100535998 15
1601996196844 0.5354563437225518 16
1601996196926 0.5452862670656745 17
1601996197034 0.5183444629968627 18
1601996197136 0.4966247892856003 19
1601996197255 0.4877096570832899 20
1601996197364 0.4845968461066447 21
1601996197421 0.47526168302352656 22
1601996197527 0.4699954719058286 23
1601996197577 0.47140846714916895 24
1601996197699 0.45938770869251494 25
1601996197805 0.4589104854063446 26
1601996197872 0.4542131797502401 27
1601996197944 0.4618591865647896 28
1601996198029 0.45019188772575386 29
1601996198051 0.46521618716725693 30
1601996198077 0.4706719591004423 31
1601996198113 0.45138184754143046 32
1601996198179 0.4573346368977788 33
1601996198235 0.44909942377074974 34
1601996198261 0.4537061394079496 35
1601996198357 0.4422887628444572 36
1601996198433 0.42762030324388234 37
1601996198527 0.4465785685847612 38
1601996198570 0.42911600039692854 39
1601996198600 0.4290849119238788 40
1601996198624 0.4423131287172344 41
1601996198648 0.4303676886728194 42
1601996198672 0.4479673993721437 43
1601996198698 0.4609129584386256 44
1601996198750 0.47892810294541827 45
1601996198779 0.4732099137130599 46
1601996198820 0.4402033614829536 47
1601996198847 0.4562532878323887 48
1601996198877 0.47769892331068586 49
1601996198901 0.4399412167206239 50
1601996198924 0.446514341119821 51
1601996198948 0.4298190963402223 52
1601996198996 0.45181488458732244 53
1601996199035 0.42332310035136456 54
1601996199088 0.438441321011935 55
1601996199113 0.43027082621381524 56
1601996199164 0.42882302009062223 57
1601996199218 0.42668967992625434 58
1601996199304 0.41530754872029196 59
1601996199336 0.4248376791173599 60
1601996199386 0.431946537765522 61
1601996199414 0.4192518518212136 62
1601996199442 0.4342510491870018 63
1601996199549 0.6021457702926035 64
1601996199635 0.41313674365090075 65
1601996199738 0.4179348789722881 66
1601996199775 0.4258967564719149 67
1601996199808 0.43343023503764294 68
1601996199860 0.44761718703566417 69
1601996199891 0.45978592196653845 70
1601996199926 0.4776091465863693 71
1601996199954 0.4640582582626152 72
1601996199991 0.48475187964802524 73
1601996200026 0.47588537073462794 74
1601996200055 0.46402502432000475 75
1601996200087 0.4940101993962025 76
1601996200157 0.4179348789722881 77
